[SETTINGS]
WIDTH=1.1044704914093
LENGTH=2.42249178886414

