[DASH_CAM]
POS=0.362823,1.08304,0.0478667
EXP=28
